61,123,55,339
55,339,61,591
61,591,79,795
79,795,163,921
163,921,301,987
301,987,487,969
487,969,619,867
619,867,715,681
715,681,763,399
763,399,847,291
847,291,1009,297
1009,297,1123,423
1123,423,1159,621
1159,621,1189,873
1189,873,1249,981
1249,981,1447,1017
1447,1017,1627,993
1627,993,1777,885
1777,885,1855,657
1855,657,1873,369
1873,369,1825,165
1825,165,1681,57
1681,57,1351,33
1351,33,997,27
997,27,757,39
757,39,379,39
379,39,217,33
217,33,139,51
139,51,85,87
85,87,61,123
301,213,283,471
283,471,265,693
265,693,283,753
283,753,361,783
361,783,457,753
457,753,541,561
541,561,601,249
601,249,685,159
685,159,871,165
871,165,1153,201
1153,201,1285,345
1285,345,1321,543
1321,543,1339,741
1339,741,1375,837
1375,837,1507,873
1507,873,1663,813
1663,813,1723,627
1723,627,1741,417
1741,417,1675,243
1675,243,1549,153
1549,153,1213,147
1213,147,871,165
685,159,523,177
523,177,397,171
397,171,343,183
343,183,301,213