34,36,1882,36
1882,36,1882,666
1882,666,388,666
34,36,34,1044
238,456,238,456
238,456,1684,456
1684,456,1684,456
1684,456,1684,456
238,456,235,1035
34,1044,98,1269
98,1269,224,1347
224,1347,302,1431
302,1431,302,1563
302,1563,230,1641
230,1641,116,1707
116,1707,56,1803
56,1803,56,1935
56,1935,56,2007
56,2007,848,2007
254,1839,332,1791
332,1791,440,1695
440,1695,512,1545
512,1545,476,1347
476,1347,290,1251
290,1251,230,1173
230,1173,235,1035
254,1839,254,1869
254,1869,854,1869
230,39,230,285
428,459,428,171
572,39,572,315
1682,39,1682,177
1682,177,794,177
1684,456,1682,315
1682,315,758,315
854,1869,854,1757
854,1757,1088,1691
1088,1691,1664,1691
1664,1691,1892,1751
848,2007,1082,1931
1082,1931,1670,1943
1670,1943,1892,1883
1118,1805,1364,1775
1364,1775,1634,1799
1634,1799,1364,1823
1364,1823,1118,1805
1892,1883,2036,1871
2036,1871,2126,1787
2126,1787,2138,1643
2138,1643,2042,1523
2042,1523,1880,1487
1880,1487,1610,1553
1610,1553,1514,1601
1514,1601,1076,1601
1076,1601,848,1661
848,1661,734,1631
734,1631,692,1529
854,1757,686,1721
686,1721,602,1553
602,1553,578,1397
578,1397,578,1313
578,1313,1994,1313
692,1529,692,1439
692,1439,1982,1439
1994,1313,2408,1313
2408,1313,2408,1769
1982,1439,2168,1439
2168,1439,2168,1973
2168,1973,3746,1973
3746,1973,3743,29
3743,29,3503,29
3503,29,3503,1739
2408,1769,3245,1769
3449,1823,3503,1739
3245,1769,3245,239
3503,29,3005,29
3005,29,3005,515
3005,515,3047,719
3047,719,3107,887
3107,887,3143,1019
3143,1019,3143,1175
3143,1175,3119,1373
3119,1373,3077,1505
3077,1505,3011,1607
3011,1607,2939,1613
2939,1613,2849,1583
2849,1583,2783,1469
2783,1469,2765,1253
2765,1253,2825,983
2825,983,2927,707
2927,707,3005,515
2759,1769,2597,1565
2597,1565,2555,1295
2555,1295,2585,1043
2585,1043,2747,761
2747,761,2897,491
2897,491,2861,185
3005,29,2651,35
2861,185,2783,185
2783,185,2783,689
2651,35,2585,77
2585,77,2597,677
2597,677,2411,971
2411,971,2363,1139
2408,1313,2555,1295
2363,1139,2351,1175
2351,1175,2315,1193
2315,1193,2135,1193
1994,1313,1997,1007
1997,1007,2165,1007
2165,1007,2249,989
2249,989,2363,773
2363,773,2441,617
2441,617,2441,155
2651,35,1882,36
1882,666,1973,911
2039,293,2039,527
2039,527,2261,527
2261,527,2261,281
2261,281,2039,293
2039,593,2135,785
2135,785,2261,587
2261,587,2039,593
2051,143,2273,143
578,1313,476,1347
3505,1671,3535,1761
3535,1761,3589,1779
3505,1593,3613,1689
3613,1689,3745,1599
3577,1977,3745,1845
3589,1779,3607,1803