49,53,553,35
553,35,901,143
901,143,949,347
949,347,1087,347
1087,347,1177,125
1177,125,1507,29
1507,29,1801,95
1801,95,1897,431
1897,431,1885,683
1885,683,1867,1001
1867,1001,1693,1073
1693,1073,1429,1031
1429,1031,1213,839
1213,839,991,863
991,863,811,959
811,959,505,989
505,989,211,995
211,995,67,905
67,905,31,677
31,677,187,617
187,617,523,611
523,611,547,575
547,575,481,515
481,515,151,509
151,509,37,353
37,353,49,53
217,221,529,209
529,209,709,299
709,299,793,503
793,503,997,533
997,533,1231,491
1231,491,1333,287
1333,287,1471,197
1471,197,1633,227
1633,227,1783,425
1783,425,1741,869
1741,869,1627,917
1627,917,1423,815
1423,815,1303,641
1303,641,967,677
967,677,805,779
805,779,445,827
445,827,259,827
259,827,229,779
229,779,277,767
277,767,625,737
625,737,709,641
709,641,715,515
715,515,661,389
661,389,517,299
517,299,235,287
235,287,199,251
199,251,217,221